Emin =

    8.9999


Emin_index =

        1981


beta=0.2; %0.2, 1, 5
alpha=0; %0, 0.5
eta_z=0.0001;
eta_o=0.0001;
training_cycle = 2000;