Motif.P1.5.1
      A      C      G      T      Con  rCon Deg  rDeg 
1    2.56  93.47   1.40   2.56     C    G    C    G
2    2.56  93.47   1.40   2.56     C    G    C    G
3    2.56  93.47   1.40   2.56     C    G    C    G
4    2.56  93.47   1.40   2.56     C    G    C    G
5    2.56   1.40   1.40  94.64     T    A    T    A

Motif.P1.5.2
      A      C      G      T      Con  rCon Deg  rDeg 
1    2.33  94.07   1.27   2.33     C    G    C    G
2    2.33  94.07   1.27   2.33     C    G    C    G
3    2.33  94.07   1.27   2.33     C    G    C    G
4    2.33   1.27   1.27  95.13     T    A    T    A
5    2.33   1.27   1.27  95.13     T    A    T    A

Motif.P1.5.3
      A      C      G      T      Con  rCon Deg  rDeg 
1    1.72   0.94   0.94  96.40     T    A    T    A
2    1.72   0.94   0.94  96.40     T    A    T    A
3    1.72   0.94  95.62   1.72     G    C    G    C
4    1.72   0.94   0.94  96.40     T    A    T    A
5    1.72   0.94   0.94  96.40     T    A    T    A

Motif.P1.5.4
      A      C      G      T      Con  rCon Deg  rDeg 
1    3.55   1.93  90.97   3.55     G    C    G    C
2    3.55   1.93  90.97   3.55     G    C    G    C
3    3.55   1.93  90.97   3.55     G    C    G    C
4    3.55  90.97   1.93   3.55     C    G    C    G
5    3.55  90.97   1.93   3.55     C    G    C    G

Motif.P1.5.5
      A      C      G      T      Con  rCon Deg  rDeg 
1    2.30  94.13   1.26   2.30     C    G    C    G
2    2.30   1.26   1.26  95.18     T    A    T    A
3    2.30   1.26   1.26  95.18     T    A    T    A
4    2.30   1.26  94.13   2.30     G    C    G    C
5    2.30   1.26   1.26  95.18     T    A    T    A

Motif.P1.5.6
      A      C      G      T      Con  rCon Deg  rDeg 
1    2.27   1.24   1.24  95.25     T    A    T    A
2    2.27   1.24   1.24  95.25     T    A    T    A
3    2.27   1.24  94.21   2.27     G    C    G    C
4    2.27  94.21   1.24   2.27     C    G    C    G
5    2.27   1.24   1.24  95.25     T    A    T    A

Motif.P1.5.7
      A      C      G      T      Con  rCon Deg  rDeg 
1    2.37   1.29  93.97   2.37     G    C    G    C
2    2.37   1.29   1.29  95.04     T    A    T    A
3    2.37   1.29   1.29  95.04     T    A    T    A
4    2.37  93.97   1.29   2.37     C    G    C    G
5    2.37   1.29   1.29  95.04     T    A    T    A

Motif.P1.5.8
      A      C      G      T      Con  rCon Deg  rDeg 
1   96.13   1.01   1.01   1.85     A    T    A    T
2   96.13   1.01   1.01   1.85     A    T    A    T
3   96.13   1.01   1.01   1.85     A    T    A    T
4    1.85   1.01  95.28   1.85     G    C    G    C
5    1.85   1.01   1.01  96.13     T    A    T    A

Motif.P1.5.9
      A      C      G      T      Con  rCon Deg  rDeg 
1    2.43   1.33   1.33  94.91     T    A    T    A
2    2.43  93.80   1.33   2.43     C    G    C    G
3   94.91   1.33   1.33   2.43     A    T    A    T
4    2.43   1.33   1.33  94.91     T    A    T    A
5    2.43  93.80   1.33   2.43     C    G    C    G

Motif.P1.5.10
      A      C      G      T      Con  rCon Deg  rDeg 
1    1.50  96.18   0.82   1.50     C    G    C    G
2    1.50   0.82   0.82  96.86     T    A    T    A
3    1.50   0.82   0.82  96.86     T    A    T    A
4    1.50   0.82   0.82  96.86     T    A    T    A
5    1.50   0.82   0.82  96.86     T    A    T    A

Motif.P1.5.11
      A      C      G      T      Con  rCon Deg  rDeg 
1   96.84   0.82   0.82   1.51     A    T    A    T
2   96.84   0.82   0.82   1.51     A    T    A    T
3    1.51   0.82  96.15   1.51     G    C    G    C
4   96.84   0.82   0.82   1.51     A    T    A    T
5   96.84   0.82   0.82   1.51     A    T    A    T

Motif.P1.5.12
      A      C      G      T      Con  rCon Deg  rDeg 
1    1.86   1.01   1.01  96.11     T    A    T    A
2    1.86   1.01   1.01  96.11     T    A    T    A
3    1.86   1.01   1.01  96.11     T    A    T    A
4    1.86   1.01  95.27   1.86     G    C    G    C
5    1.86   1.01   1.01  96.11     T    A    T    A

Motif.P1.5.13
      A      C      G      T      Con  rCon Deg  rDeg 
1    2.74   1.49   1.49  94.28     T    A    T    A
2    2.74   1.49   1.49  94.28     T    A    T    A
3    2.74   1.49  93.03   2.74     G    C    G    C
4    2.74   1.49  93.03   2.74     G    C    G    C
5    2.74  93.03   1.49   2.74     C    G    C    G

Motif.P1.5.14
      A      C      G      T      Con  rCon Deg  rDeg 
1    2.00   1.09   1.09  95.82     T    A    T    A
2    2.00   1.09   1.09  95.82     T    A    T    A
3    2.00   1.09   1.09  95.82     T    A    T    A
4    2.00  94.91   1.09   2.00     C    G    C    G
5    2.00  94.91   1.09   2.00     C    G    C    G

Motif.P1.5.15
      A      C      G      T      Con  rCon Deg  rDeg 
1    2.07  94.72   1.13   2.07     C    G    C    G
2    2.07  94.72   1.13   2.07     C    G    C    G
3    2.07   1.13   1.13  95.66     T    A    T    A
4    2.07   1.13   1.13  95.66     T    A    T    A
5    2.07   1.13   1.13  95.66     T    A    T    A

Motif.P1.5.16
      A      C      G      T      Con  rCon Deg  rDeg 
1    2.30  94.15   1.25   2.30     C    G    C    G
2   95.19   1.25   1.25   2.30     A    T    A    T
3   95.19   1.25   1.25   2.30     A    T    A    T
4    2.30   1.25  94.15   2.30     G    C    G    C
5   95.19   1.25   1.25   2.30     A    T    A    T

Motif.P1.5.17
      A      C      G      T      Con  rCon Deg  rDeg 
1    2.41   1.32   1.32  94.96     T    A    T    A
2    2.41   1.32  93.86   2.41     G    C    G    C
3    2.41   1.32   1.32  94.96     T    A    T    A
4    2.41   1.32   1.32  94.96     T    A    T    A
5    2.41  93.86   1.32   2.41     C    G    C    G

Motif.P1.5.18
      A      C      G      T      Con  rCon Deg  rDeg 
1    1.86   1.01   1.01  96.11     T    A    T    A
2    1.86   1.01  95.27   1.86     G    C    G    C
3    1.86   1.01   1.01  96.11     T    A    T    A
4    1.86   1.01   1.01  96.11     T    A    T    A
5    1.86   1.01   1.01  96.11     T    A    T    A

Motif.P1.5.19
      A      C      G      T      Con  rCon Deg  rDeg 
1   96.77   0.84   0.84   1.55     A    T    A    T
2    1.55   0.84  96.06   1.55     G    C    G    C
3   96.77   0.84   0.84   1.55     A    T    A    T
4   96.77   0.84   0.84   1.55     A    T    A    T
5   96.77   0.84   0.84   1.55     A    T    A    T

Motif.P1.5.20
      A      C      G      T      Con  rCon Deg  rDeg 
1    2.07   1.13   1.13  95.68     T    A    T    A
2   95.68   1.13   1.13   2.07     A    T    A    T
3   95.68   1.13   1.13   2.07     A    T    A    T
4   95.68   1.13   1.13   2.07     A    T    A    T
5    2.07   1.13  94.74   2.07     G    C    G    C

Motif.P1.5.21
      A      C      G      T      Con  rCon Deg  rDeg 
1    2.13   1.16   1.16  95.54     T    A    T    A
2    2.13   1.16   1.16  95.54     T    A    T    A
3   95.54   1.16   1.16   2.13     A    T    A    T
4    2.13  94.57   1.16   2.13     C    G    C    G
5    2.13   1.16   1.16  95.54     T    A    T    A

Motif.P1.5.22
      A      C      G      T      Con  rCon Deg  rDeg 
1    2.42   1.32   1.32  94.94     T    A    T    A
2    2.42   1.32   1.32  94.94     T    A    T    A
3   94.94   1.32   1.32   2.42     A    T    A    T
4   94.94   1.32   1.32   2.42     A    T    A    T
5    2.42   1.32  93.84   2.42     G    C    G    C

Motif.P1.5.23
      A      C      G      T      Con  rCon Deg  rDeg 
1    1.45   0.79   0.79  96.96     T    A    T    A
2    1.45   0.79   0.79  96.96     T    A    T    A
3    1.45   0.79   0.79  96.96     T    A    T    A
4    1.45   0.79   0.79  96.96     T    A    T    A
5    1.45  96.30   0.79   1.45     C    G    C    G

Motif.P1.5.24
      A      C      G      T      Con  rCon Deg  rDeg 
1    2.89   1.58  92.65   2.89     G    C    G    C
2    2.89  92.65   1.58   2.89     C    G    C    G
3    2.89   1.58   1.58  93.96     T    A    T    A
4    2.89   1.58   1.58  93.96     T    A    T    A
5    2.89   1.58  92.65   2.89     G    C    G    C

Motif.P1.5.25
      A      C      G      T      Con  rCon Deg  rDeg 
1    2.11   1.15   1.15  95.59     T    A    T    A
2   95.59   1.15   1.15   2.11     A    T    A    T
3    2.11  94.64   1.15   2.11     C    G    C    G
4    2.11   1.15   1.15  95.59     T    A    T    A
5    2.11   1.15   1.15  95.59     T    A    T    A

Motif.P1.5.26
      A      C      G      T      Con  rCon Deg  rDeg 
1    1.61   0.88   0.88  96.63     T    A    T    A
2    1.61  95.89   0.88   1.61     C    G    C    G
3    1.61   0.88   0.88  96.63     T    A    T    A
4    1.61   0.88   0.88  96.63     T    A    T    A
5    1.61   0.88   0.88  96.63     T    A    T    A

Motif.P1.5.27
      A      C      G      T      Con  rCon Deg  rDeg 
1    2.55   1.39  93.50   2.55     G    C    G    C
2    2.55   1.39   1.39  94.66     T    A    T    A
3    2.55   1.39   1.39  94.66     T    A    T    A
4    2.55   1.39   1.39  94.66     T    A    T    A
5    2.55   1.39  93.50   2.55     G    C    G    C

Motif.P1.5.28
      A      C      G      T      Con  rCon Deg  rDeg 
1    2.29   1.25  94.17   2.29     G    C    G    C
2    2.29  94.17   1.25   2.29     C    G    C    G
3   95.21   1.25   1.25   2.29     A    T    A    T
4   95.21   1.25   1.25   2.29     A    T    A    T
5   95.21   1.25   1.25   2.29     A    T    A    T

Motif.P1.5.29
      A      C      G      T      Con  rCon Deg  rDeg 
1   94.47   1.44   1.44   2.65     A    T    A    T
2    2.65  93.26   1.44   2.65     C    G    C    G
3    2.65   1.44  93.26   2.65     G    C    G    C
4   94.47   1.44   1.44   2.65     A    T    A    T
5   94.47   1.44   1.44   2.65     A    T    A    T

Motif.P1.5.30
      A      C      G      T      Con  rCon Deg  rDeg 
1    1.63   0.89   0.89  96.60     T    A    T    A
2    1.63   0.89   0.89  96.60     T    A    T    A
3   96.60   0.89   0.89   1.63     A    T    A    T
4    1.63   0.89   0.89  96.60     T    A    T    A
5    1.63   0.89   0.89  96.60     T    A    T    A

Motif.P1.6.1
      A      C      G      T      Con  rCon Deg  rDeg 
1    2.01   6.01  84.66   7.33     G    C    G    C
2    6.10  82.61   9.29   2.01     C    G    C    G
3    9.38  75.64   6.01   8.97     C    G    C    G
4    8.97   6.01  75.23   9.79     G    C    G    C
5    2.01   9.29  82.61   6.10     G    C    G    C
6    7.33  84.66   6.01   2.01     C    G    C    G

Motif.P1.6.2
      A      C      G      T      Con  rCon Deg  rDeg 
1    1.88  90.54   5.70   1.88     C    G    C    G
2    7.99  85.14   4.98   1.88     C    G    C    G
3    9.79  76.52   5.34   8.35     C    G    C    G
4    1.88  84.42   4.98   8.71     C    G    C    G
5    6.20   1.03   6.06  86.72     T    A    T    A
6    9.43   1.03  66.09  23.45     G    C    G    C

Motif.P1.6.3
      A      C      G      T      Con  rCon Deg  rDeg 
1    8.85   6.05  74.72  10.38     G    C    G    C
2    5.40   3.75  82.78   8.08     G    C    G    C
3    7.31   7.58  83.16   1.94     G    C    G    C
4    1.94  83.16   7.58   7.31     C    G    C    G
5    8.08  83.16   3.36   5.40     C    G    C    G
6   10.38  74.72   6.05   8.85     C    G    C    G

Motif.P1.6.4
      A      C      G      T      Con  rCon Deg  rDeg 
1    6.47  78.02   6.40   9.10     C    G    C    G
2    6.91  85.93   5.09   2.07     C    G    C    G
3    9.10  75.83   7.28   7.79     C    G    C    G
4    7.79   7.28  75.83   9.10     G    C    G    C
5    2.07   5.09  85.93   6.91     G    C    G    C
6    9.10   6.40  78.02   6.47     G    C    G    C

Motif.P1.6.5
      A      C      G      T      Con  rCon Deg  rDeg 
1    6.05   8.64  76.61   8.70     G    C    G    C
2    2.08  85.00   6.87   6.05     C    G    C    G
3    6.49   5.99  79.70   7.82     G    C    G    C
4    6.05  80.14   9.96   3.84     C    G    C    G
5    2.08  79.26   8.20  10.47     C    G    C    G
6    7.82   4.22  82.35   5.61     G    C    G    C

Motif.P1.6.6
      A      C      G      T      Con  rCon Deg  rDeg 
1    8.65   1.07   5.40  84.89     T    A    T    A
2    9.43  87.53   1.07   1.97     C    G    C    G
3   11.79  70.63   6.97  10.61     C    G    C    G
4    1.97  80.46   7.75   9.83     C    G    C    G
5    5.11  80.06   6.18   8.65     C    G    C    G
6    1.97   1.07  79.28  17.69     G    C    G    C

Motif.P1.6.7
      A      C      G      T      Con  rCon Deg  rDeg 
1    7.60  73.69   9.11   9.61     C    G    C    G
2    5.60   5.90  81.71   6.80     G    C    G    C
3    6.40  86.12   5.50   1.99     C    G    C    G
4    8.80   9.11  73.29   8.80     G    C    G    C
5    4.79   5.09  84.52   5.60     G    C    G    C
6    8.80  81.71   4.69   4.79     C    G    C    G

Motif.P1.6.8
      A      C      G      T      Con  rCon Deg  rDeg 
1   87.36   5.17   5.54   1.92     A    T    A    T
2   78.37   5.54   7.04   9.04     A    T    A    T
3    1.92   1.05  84.24  12.79     G    C    G    C
4    1.92   1.05  95.11   1.92     G    C    G    C
5   18.04  44.52  23.53  13.91     C    G    C    G
6    1.92   1.05  95.11   1.92     G    C    G    C

Motif.P1.6.9
      A      C      G      T      Con  rCon Deg  rDeg 
1   10.12   3.53  80.70   5.65     G    C    G    C
2    6.47   4.75  82.32   6.47     G    C    G    C
3    6.06   4.75  81.92   7.28     G    C    G    C
4    7.28   4.75  78.67   9.31     G    C    G    C
5    6.47   7.99   1.09  84.45     T    A    T    A
6   12.15  74.61   1.09  12.15     C    G    C    G

Motif.P1.6.10
      A      C      G      T      Con  rCon Deg  rDeg 
1    6.55  79.88   1.19  12.38     C    G    C    G
2    7.04   9.93  80.86   2.18     G    C    G    C
3    8.49   1.19   5.07  85.25     T    A    T    A
4    9.95   1.19  82.80   6.06     G    C    G    C
5    5.09  78.43   4.10  12.38     C    G    C    G
6    7.52   6.05  76.97   9.46     G    C    G    C

Motif.P1.6.11
      A      C      G      T      Con  rCon Deg  rDeg 
1    2.17  80.54   7.43   9.86     C    G    C    G
2    8.42  11.28  70.92   9.38     G    C    G    C
3    5.53   5.03  84.86   4.57     G    C    G    C
4    2.17  87.27   5.03   5.53     C    G    C    G
5    9.86  70.44  11.28   8.42     C    G    C    G
6    9.86   7.43  80.54   2.17     G    C    G    C

Motif.P1.6.12
      A      C      G      T      Con  rCon Deg  rDeg 
1    6.49  78.52   7.07   7.92     C    G    C    G
2   10.76  78.17   5.64   5.43     C    G    C    G
3   80.44   4.22   7.07   8.27     A    T    A    T
4    6.14   4.93  81.01   7.92     G    C    G    C
5    1.87  84.92   6.71   6.49     C    G    C    G
6    8.63   3.51  80.66   7.21     G    C    G    C

Motif.P1.6.13
      A      C      G      T      Con  rCon Deg  rDeg 
1    7.10   4.42   0.96  87.52     T    A    T    A
2   82.18   5.99   5.36   6.47     A    T    A    T
3   21.87  61.59   7.56   8.99     C    G    C    G
4    9.93   0.96  80.75   8.36     G    C    G    C
5    1.76   0.96  87.66   9.62     G    C    G    C
6    1.76   6.62  83.58   8.05     G    C    G    C

Motif.P1.6.14
      A      C      G      T      Con  rCon Deg  rDeg 
1    6.02   5.90  80.93   7.14     G    C    G    C
2    7.14  80.93   5.53   6.40     C    G    C    G
3    7.52  79.81   5.15   7.52     C    G    C    G
4   84.05   4.03   5.53   6.40     A    T    A    T
5   13.86   3.29  77.95   4.90     G    C    G    C
6    7.52   7.39  80.19   4.90     G    C    G    C

Motif.P1.6.15
      A      C      G      T      Con  rCon Deg  rDeg 
1    1.77  85.62   4.47   8.14     C    G    C    G
2   89.93   4.47   3.83   1.77     A    T    A    T
3    6.55   6.38   7.01  80.06     T    A    T    A
4    6.87  81.80   0.97  10.37     C    G    C    G
5   13.55   7.33  68.43  10.68     G    C    G    C
6    1.77  83.39   7.01   7.82     C    G    C    G

Motif.P1.6.16
      A      C      G      T      Con  rCon Deg  rDeg 
1   11.17   6.12  74.59   8.13     G    C    G    C
2    6.60   6.12  81.58   5.69     G    C    G    C
3    8.73  77.93   5.51   7.82     C    G    C    G
4   81.46   3.69   7.03   7.82     A    T    A    T
5    8.13   0.95  83.71   7.21     G    C    G    C
6    8.43  85.54   4.29   1.74     C    G    C    G

Motif.P1.6.17
      A      C      G      T      Con  rCon Deg  rDeg 
1    6.64  84.96   3.22   5.18     C    G    C    G
2   78.89   6.14   7.24   7.73     A    T    A    T
3    7.00  78.75   5.41   8.83     C    G    C    G
4    7.73  80.58   5.05   6.64     C    G    C    G
5    7.00   4.32  80.58   8.10     G    C    G    C
6    5.54   7.24  79.12   8.10     G    C    G    C

Motif.P1.6.18
      A      C      G      T      Con  rCon Deg  rDeg 
1    1.96  95.02   1.07   1.96     C    G    C    G
2    7.42   1.07   4.58  86.94     T    A    T    A
3    5.86  72.80   4.97  16.38     C    G    C    G
4   17.94  10.42  52.14  19.50     G    C    G    C
5    6.64   5.36   5.75  82.26     T    A    T    A
6    1.96  95.02   1.07   1.96     C    G    C    G

Motif.P1.6.19
      A      C      G      T      Con  rCon Deg  rDeg 
1    1.99   5.94  86.84   5.23     G    C    G    C
2    6.04  83.20   6.35   4.42     C    G    C    G
3   10.08  78.75   4.73   6.44     C    G    C    G
4   14.94  72.28   5.94   6.85     C    G    C    G
5   83.29   5.54   4.32   6.85     A    T    A    T
6   10.49   4.73  78.75   6.04     G    C    G    C

Motif.P1.6.20
      A      C      G      T      Con  rCon Deg  rDeg 
1    6.27   4.68  81.31   7.73     G    C    G    C
2    9.56  75.83   6.51   8.10     C    G    C    G
3   12.11   7.24  73.65   7.00     G    C    G    C
4   86.18   1.03   5.41   7.37     A    T    A    T
5    6.27   5.78  82.04   5.91     G    C    G    C
6    7.00  82.04   5.05   5.91     C    G    C    G

Motif.P1.6.21
      A      C      G      T      Con  rCon Deg  rDeg 
1    9.73  72.83   6.48  10.96     C    G    C    G
2    8.81   0.95   0.95  89.29     T    A    T    A
3    5.43  82.35   4.02   8.19     C    G    C    G
4   83.14   0.95   4.33  11.57     A    T    A    T
5   10.04  71.29   4.33  14.34     C    G    C    G
6    1.74  88.50   0.95   8.81     C    G    C    G

Motif.P1.6.22
      A      C      G      T      Con  rCon Deg  rDeg 
1    2.05   1.12  86.18  10.64     G    C    G    C
2    8.93   9.71  72.01   9.36     G    C    G    C
3   75.52   7.99   8.42   8.07     A    T    A    T
4    2.05   7.13  88.76   2.05     G    C    G    C
5    9.36  83.18   1.12   6.35     C    G    C    G
6   11.50  73.30   7.56   7.64     C    G    C    G

Motif.P1.6.23
      A      C      G      T      Con  rCon Deg  rDeg 
1    6.80   5.50  79.70   8.00     G    C    G    C
2    5.60   9.11   7.50  77.80     T    A    T    A
3    8.80  74.49   6.30  10.41     C    G    C    G
4    9.21   5.50  76.50   8.80     G    C    G    C
5    1.99  91.74   1.08   5.19     C    G    C    G
6    6.40  79.70   3.89  10.01     C    G    C    G

Motif.P1.6.24
      A      C      G      T      Con  rCon Deg  rDeg 
1    8.86   3.23  79.05   8.86     G    C    G    C
2    8.49   7.26  77.22   7.03     G    C    G    C
3    1.90   8.36   1.04  88.70     T    A    T    A
4    9.22   5.80  77.22   7.76     G    C    G    C
5    8.49   6.16  78.68   6.66     G    C    G    C
6    7.76  81.98   1.04   9.22     C    G    C    G

Motif.P1.6.25
      A      C      G      T      Con  rCon Deg  rDeg 
1   12.70   8.48  76.91   1.91     G    C    G    C
2    6.75   6.62   5.13  81.50     T    A    T    A
3    8.98   5.88  71.70  13.44     G    C    G    C
4    8.24   5.88   4.39  81.50     T    A    T    A
5    1.91   1.04  95.13   1.91     G    C    G    C
6    8.61  80.25   9.23   1.91     C    G    C    G

Motif.P1.6.26
      A      C      G      T      Con  rCon Deg  rDeg 
1    1.66   5.08  85.48   7.78     G    C    G    C
2   10.01  77.41   5.64   6.95     C    G    C    G
3   79.28   6.19   5.08   9.45     A    T    A    T
4    9.45   5.08   6.19  79.28     T    A    T    A
5    6.95   5.36  77.69  10.01     G    C    G    C
6    7.78  85.48   5.08   1.66     C    G    C    G

Motif.P1.6.27
      A      C      G      T      Con  rCon Deg  rDeg 
1    2.09  86.67   5.15   6.10     C    G    C    G
2   82.27   1.14   6.93   9.66     A    T    A    T
3    7.88   1.14  79.54  11.44     G    C    G    C
4    2.09  85.33   6.48   6.10     C    G    C    G
5    9.22  72.41   9.60   8.77     C    G    C    G
6    8.77  75.98   6.93   8.32     C    G    C    G

Motif.P1.6.28
      A      C      G      T      Con  rCon Deg  rDeg 
1   12.04   5.17   1.05  81.74     T    A    T    A
2    7.17   3.67  79.37   9.79     G    C    G    C
3    8.67   8.17  74.12   9.04     G    C    G    C
4    6.79   5.92  79.37   7.92     G    C    G    C
5    5.29   7.79  81.62   5.29     G    C    G    C
6    7.17  83.87   1.05   7.92     C    G    C    G

Motif.P1.6.29
      A      C      G      T      Con  rCon Deg  rDeg 
1    8.30  76.12   4.75  10.83     C    G    C    G
2    6.78   1.21   5.26  86.75     T    A    T    A
3    9.31  79.16   9.31   2.22     C    G    C    G
4    2.22  91.31   4.25   2.22     C    G    C    G
5   10.32  71.57   9.31   8.80     C    G    C    G
6    9.31   1.21  76.12  13.36     G    C    G    C

Motif.P1.6.30
      A      C      G      T      Con  rCon Deg  rDeg 
1    6.97   4.94  76.82  11.27     G    C    G    C
2    7.58  78.97   4.94   8.50     C    G    C    G
3    6.35   4.64   4.33  84.68     T    A    T    A
4    6.35   4.02   3.41  86.22     T    A    T    A
5    7.27   0.95  90.03   1.74     G    C    G    C
6    8.81   9.55  70.07  11.57     G    C    G    C

Motif.P1.7.1
      A      C      G      T      Con  rCon Deg  rDeg 
1   10.34  68.87   9.24  11.56     C    G    C    G
2    2.43  93.82   1.32   2.43     C    G    C    G
3    2.43  93.82   1.32   2.43     C    G    C    G
4    2.43  93.82   1.32   2.43     C    G    C    G
5    2.43   7.41   1.32  88.84     T    A    T    A
6   10.95   7.41  14.71  66.93     T    A    T    A
7   65.11   1.32  12.28  21.29     A    T    A    T

Motif.P1.7.2
      A      C      G      T      Con  rCon Deg  rDeg 
1   88.11   7.84   1.43   2.62     A    T    A    T
2   20.43   1.43  71.96   6.18     G    C    G    C
3    2.62   1.43  93.34   2.62     G    C    G    C
4    2.62   1.43  93.34   2.62     G    C    G    C
5    2.62   1.43  93.34   2.62     G    C    G    C
6   17.58  19.95  17.81  44.65     T    A    T    A
7   20.43  49.16  14.97  15.44     C    G    C    G

Motif.P1.7.3
      A      C      G      T      Con  rCon Deg  rDeg 
1    6.22   4.93  80.95   7.91     G    C    G    C
2    2.84  89.39   4.93   2.84     C    G    C    G
3    8.75   8.31  75.88   7.06     G    C    G    C
4    5.37  53.92  35.34   5.37     C    G    S    S
5    5.37  79.26   6.62   8.75     C    G    C    G
6    7.91   6.62  80.10   5.37     G    C    G    C
7    7.91  82.64   3.24   6.22     C    G    C    G

Motif.P1.7.4
      A      C      G      T      Con  rCon Deg  rDeg 
1    8.05  57.22  26.68   8.05     C    G    S    S
2    2.71  84.71   6.06   6.52     C    G    C    G
3    7.29  86.24   3.77   2.71     C    G    C    G
4    5.76  80.89   4.53   8.82     C    G    C    G
5    5.00  77.08   6.82  11.11     C    G    C    G
6    4.23   1.48   4.53  89.76     T    A    T    A
7   10.34   1.48  73.26  14.92     G    C    G    C

Motif.P1.7.5
      A      C      G      T      Con  rCon Deg  rDeg 
1   24.39  17.09  21.18  37.35     T    A    T    A
2    2.56   6.85  88.02   2.56     G    C    G    C
3    2.56  84.61  10.27   2.56     C    G    C    G
4   10.75  78.47   8.22   2.56     C    G    C    G
5   12.11   7.54  68.24  12.11     G    C    G    C
6    2.56  12.31  79.15   5.97     G    C    G    C
7    2.56  86.65   8.22   2.56     C    G    C    G

Motif.P1.7.6
      A      C      G      T      Con  rCon Deg  rDeg 
1    2.63  86.85   3.59   6.93     C    G    C    G
2    6.22  76.09  15.07   2.63     C    G    C    G
3    6.22  78.96   5.74   9.09     C    G    C    G
4    7.65  76.09  13.64   2.63     C    G    C    G
5    6.22   1.43  74.65  17.70     G    C    G    C
6    5.50  63.16  28.71   2.63     C    G    S    S
7   74.41   1.43  13.64  10.52     A    T    A    T

Motif.P1.7.7
      A      C      G      T      Con  rCon Deg  rDeg 
1    2.79  29.26  21.10  46.84     T    A    Y    R
2    2.79  80.65  13.76   2.79     C    G    C    G
3   19.92  30.89  40.68   8.50     G    C    S    S
4   50.11  12.13  19.47  18.29     A    T    A    T
5    2.79   1.52  92.89   2.79     G    C    G    C
6    2.79  92.89   1.52   2.79     C    G    C    G
7    2.79   1.52  92.89   2.79     G    C    G    C

Motif.P1.7.8
      A      C      G      T      Con  rCon Deg  rDeg 
1    3.36   1.44   4.33  90.87     T    A    T    A
2    6.98  77.38   5.05  10.59     C    G    C    G
3    7.70   1.44   3.61  87.25     T    A    T    A
4    4.81  79.55   3.61  12.04     C    G    C    G
5    7.70  78.82   3.61   9.87     C    G    C    G
6    5.53  78.10   6.50   9.87     C    G    C    G
7    2.64  81.72   6.50   9.15     C    G    C    G

Motif.P1.7.9
      A      C      G      T      Con  rCon Deg  rDeg 
1    8.27  75.65   1.50  14.58     C    G    C    G
2    8.27   1.50  10.18  80.05     T    A    T    A
3   69.01   1.50  16.49  13.00     A    T    A    T
4    2.75  81.96   3.87  11.43     C    G    C    G
5    2.75  90.64   3.87   2.75     C    G    C    G
6    7.48  74.86   3.87  13.79     C    G    C    G
7    5.90  83.54   3.08   7.48     C    G    C    G

Motif.P1.7.10
      A      C      G      T      Con  rCon Deg  rDeg 
1    2.64  77.38  13.01   6.98     C    G    C    G
2    2.64  71.59  16.63   9.15     C    G    C    G
3    2.64  93.29   1.44   2.64     C    G    C    G
4    6.25  23.14  15.18  55.43     T    A    T    A
5    2.64   1.44  86.06   9.87     G    C    G    C
6   11.32   9.39  71.59   7.70     G    C    G    C
7   14.93  58.57  23.86   2.64     C    G    C    G

Motif.P1.7.11
      A      C      G      T      Con  rCon Deg  rDeg 
1    3.96   7.30   5.11  83.63     T    A    T    A
2    5.61  83.13   5.11   6.16     C    G    C    G
3   78.13   7.30   1.81  12.75     A    T    A    T
4    4.51   7.85   2.36  85.28     T    A    T    A
5    2.31  91.92   3.46   2.31     C    G    C    G
6    8.35  57.85  24.34   9.45     C    G    C    G
7    6.71  78.18   6.76   8.35     C    G    C    G

Motif.P1.7.12
      A      C      G      T      Con  rCon Deg  rDeg 
1    2.64  82.44   1.44  13.49     C    G    C    G
2   16.38   9.39   9.39  64.83     T    A    T    A
3   18.55  18.07  52.06  11.32     G    C    G    C
4    9.87  12.29  20.24  57.60     T    A    T    A
5    6.98  88.95   1.44   2.64     C    G    C    G
6    2.64  93.29   1.44   2.64     C    G    C    G
7    6.98  88.95   1.44   2.64     C    G    C    G

Motif.P1.7.13
      A      C      G      T      Con  rCon Deg  rDeg 
1    8.92   4.93  83.55   2.60     G    C    G    C
2    4.71  21.07  60.39  13.83     G    C    G    C
3    5.41  76.53   2.82  15.24     C    G    C    G
4   74.21   8.44  10.54   6.81     A    T    A    T
5    5.41   3.52  85.66   5.41     G    C    G    C
6   17.34  75.83   4.23   2.60     C    G    C    G
7    8.22   1.42  79.34  11.02     G    C    G    C

Motif.P1.7.14
      A      C      G      T      Con  rCon Deg  rDeg 
1    6.18  79.09   5.70   9.03     C    G    C    G
2    6.89  80.51   4.99   7.61     C    G    C    G
3    2.62  17.10  74.10   6.18     G    C    G    C
4    5.47  80.51   2.85  11.17     C    G    C    G
5    4.04  12.83   1.43  81.70     T    A    T    A
6    6.89   9.98  10.69  72.44     T    A    T    A
7    2.62   4.28  83.36   9.74     G    C    G    C

Motif.P1.7.15
      A      C      G      T      Con  rCon Deg  rDeg 
1    6.87   1.52  88.81   2.79     G    C    G    C
2    8.50  81.47   1.52   8.50     C    G    C    G
3   82.74   4.79   4.79   7.69     A    T    A    T
4    7.69   4.79  81.47   6.06     G    C    G    C
5    7.69  71.68   6.42  14.21     C    G    C    G
6   11.77  77.39   3.16   7.69     C    G    C    G
7   84.37   4.79   3.97   6.87     A    T    A    T

Motif.P1.7.16
      A      C      G      T      Con  rCon Deg  rDeg 
1    1.84  86.36   9.95   1.84     C    G    C    G
2    8.04   1.01   5.14  85.82     T    A    T    A
3    5.28   5.48   3.07  86.16     T    A    T    A
4    5.63   5.82   1.01  87.54     T    A    T    A
5   11.48  77.76   8.92   1.84     C    G    C    G
6    1.84   8.23   3.76  86.16     T    A    T    A
7    7.69   1.01   6.51  84.79     T    A    T    A

Motif.P1.7.17
      A      C      G      T      Con  rCon Deg  rDeg 
1    2.69   4.47   5.22  87.62     T    A    T    A
2    7.95  10.48  78.88   2.69     G    C    G    C
3    6.44   9.73   4.47  79.35     T    A    T    A
4    7.95   5.98  66.86  19.22     G    C    G    C
5   13.96   3.72   4.47  77.85     T    A    T    A
6    5.69   1.47  90.16   2.69     G    C    G    C
7    5.69  84.90   6.73   2.69     C    G    C    G

Motif.P1.7.18
      A      C      G      T      Con  rCon Deg  rDeg 
1   11.37   1.56   2.41  84.66     T    A    T    A
2   17.34  69.73   1.56  11.37     C    G    C    G
3    6.26  11.78  70.58  11.37     G    C    G    C
4    5.41  85.07   6.67   2.85     C    G    C    G
5    5.41   4.11   3.26  87.22     T    A    T    A
6   22.45  67.17   1.56   8.82     C    G    C    G
7    5.41  86.78   4.96   2.85     C    G    C    G

Motif.P1.7.19
      A      C      G      T      Con  rCon Deg  rDeg 
1    2.61   4.96   4.25  88.18     T    A    T    A
2    6.14   7.08  77.80   8.97     G    C    G    C
3   11.09   5.67  72.85  10.39     G    C    G    C
4    5.44  82.75   1.42  10.39     C    G    C    G
5    4.73   4.25   2.84  88.18     T    A    T    A
6    5.44   2.13   1.42  91.01     T    A    T    A
7    7.56   7.08  72.14  13.22     G    C    G    C

Motif.P1.7.20
      A      C      G      T      Con  rCon Deg  rDeg 
1    2.13   2.09   1.16  94.63     T    A    T    A
2    3.98   2.55   1.16  92.32     T    A    T    A
3    6.75   6.71  73.31  13.23     G    C    G    C
4    3.98   5.32   2.09  88.62     T    A    T    A
5    2.13   3.47   1.16  93.24     T    A    T    A
6    7.68  72.85   5.32  14.15     C    G    C    G
7    9.99   8.10  64.06  17.85     G    C    G    C

Motif.P1.7.21
      A      C      G      T      Con  rCon Deg  rDeg 
1    6.93   7.18  83.26   2.63     G    C    G    C
2    2.63  88.29   3.59   5.50     C    G    C    G
3   32.06   3.59  12.20  52.16     T    A    W    W
4    5.50  76.09   7.18  11.24     C    G    C    G
5   16.98   5.74  66.75  10.52     G    C    G    C
6    6.93  85.42   5.02   2.63     C    G    C    G
7   84.46   2.15   1.43  11.96     A    T    A    T

Motif.P1.7.22
      A      C      G      T      Con  rCon Deg  rDeg 
1   14.70   4.37  74.01   6.92     G    C    G    C
2   83.93   8.06   1.09   6.92     A    T    A    T
3   18.80  71.96   1.09   8.15     C    G    C    G
4   92.94   1.09   2.73   3.23     A    T    A    T
5   94.17   1.09   2.73   2.01     A    T    A    T
6    8.97   5.60  76.46   8.97     G    C    G    C
7   85.57   3.14   5.60   5.69     A    T    A    T

Motif.P1.7.23
      A      C      G      T      Con  rCon Deg  rDeg 
1    9.02   5.52   7.93  77.53     T    A    T    A
2   11.43  80.64   5.52   2.41     C    G    C    G
3   10.22   4.92   4.92  79.93     T    A    T    A
4    2.41  85.45   1.32  10.83     C    G    C    G
5   76.33   7.33   3.72  12.63     A    T    A    T
6    9.02   5.52   3.12  82.34     T    A    T    A
7    2.41  93.86   1.32   2.41     C    G    C    G

Motif.P1.7.24
      A      C      G      T      Con  rCon Deg  rDeg 
1   10.16  86.24   1.27   2.33     C    G    C    G
2    9.60  78.98   1.27  10.16     C    G    C    G
3    5.68   3.51   2.95  87.86     T    A    T    A
4    3.45   4.63   3.51  88.42     T    A    T    A
5    4.57   4.63   1.27  89.54     T    A    T    A
6   10.72   6.86  68.91  13.51     G    C    G    C
7    9.04  75.62   6.86   8.48     C    G    C    G

Motif.P1.7.25
      A      C      G      T      Con  rCon Deg  rDeg 
1   10.14   4.91   5.96  78.98     T    A    T    A
2    5.41   5.96  74.80  13.82     G    C    G    C
3    2.26  76.38   5.96  15.40     C    G    C    G
4    3.84   4.39  25.41  66.37     T    A    K    M
5    4.89   6.49   3.34  85.29     T    A    T    A
6    2.26   6.49  88.99   2.26     G    C    G    C
7    2.26  80.58   6.49  10.67     C    G    C    G

Motif.P1.7.26
      A      C      G      T      Con  rCon Deg  rDeg 
1   73.20  11.64   7.33   7.83     A    T    A    T
2   81.81   4.98   4.98   8.22     A    T    A    T
3   81.81   4.20   8.51   5.48     A    T    A    T
4    1.96   1.07  95.01   1.96     G    C    G    C
5   89.24   1.07   1.07   8.62     A    T    A    T
6   81.81   4.98   6.16   7.05     A    T    A    T
7    1.96  81.70  14.38   1.96     C    G    C    G

Motif.P1.7.27
      A      C      G      T      Con  rCon Deg  rDeg 
1    9.20  18.93   7.27  64.59     T    A    T    A
2    7.75  79.42   4.36   8.48     C    G    C    G
3    5.56  17.48   5.09  71.88     T    A    T    A
4   10.66   4.36  59.74  25.24     G    C    K    M
5    2.65   1.44  83.06  12.85     G    C    G    C
6    2.65   6.54  87.43   3.37     G    C    G    C
7    2.65  87.43   3.63   6.29     C    G    C    G

Motif.P1.7.28
      A      C      G      T      Con  rCon Deg  rDeg 
1    5.00  88.01   4.51   2.47     C    G    C    G
2   83.44   2.61   8.31   5.64     A    T    A    T
3    5.00   5.78  15.27  73.95     T    A    T    A
4    2.47  82.95   4.51  10.06     C    G    C    G
5    8.17   8.94  75.36   7.53     G    C    G    C
6    5.64  77.26  10.21   6.90     C    G    C    G
7   11.33   3.88   7.04  77.75     T    A    T    A

Motif.P1.7.29
      A      C      G      T      Con  rCon Deg  rDeg 
1    2.76   5.48  89.00   2.76     G    C    G    C
2   62.41   3.10  29.34   5.15     A    T    R    Y
3   12.30   4.69   4.69  78.32     T    A    T    A
4   86.28   1.51   6.28   5.94     A    T    A    T
5    2.76   1.51  81.84  13.89     G    C    G    C
6   10.71  70.70   7.07  11.51     C    G    C    G
7   11.51   1.51  79.45   7.53     G    C    G    C

Motif.P1.7.30
      A      C      G      T      Con  rCon Deg  rDeg 
1    6.05   8.23  75.92   9.81     G    C    G    C
2    6.05  77.53   4.47  11.96     C    G    C    G
3    3.90   7.69   3.40  85.01     T    A    T    A
4    7.66  76.99   7.16   8.19     C    G    C    G
5    6.58  80.21   3.93   9.27     C    G    C    G
6    4.97   5.54   2.32  87.16     T    A    T    A
7    2.29   3.40   2.86  91.46     T    A    T    A

Motif.P1.8.1
      A      C      G      T      Con  rCon Deg  rDeg 
1   26.42  13.03  23.58  36.97     T    A    W    W
2   22.90  13.03   1.30  62.77     T    A    T    A
3   68.05  13.03   8.34  10.59     A    T    A    T
4   85.63   1.30  10.68   2.38     A    T    A    T
5    2.38   1.30  93.93   2.38     G    C    G    C
6    2.38   1.30  93.93   2.38     G    C    G    C
7    2.38   1.30  93.93   2.38     G    C    G    C
8   11.18   9.51  69.31  10.01     G    C    G    C

Motif.P1.8.2
      A      C      G      T      Con  rCon Deg  rDeg 
1   12.78  57.14   9.01  21.08     C    G    C    G
2   17.76  13.99  40.54  27.71     G    C    K    M
3   59.25   5.69  17.31  17.76     A    T    A    T
4    4.48  89.51   1.54   4.48     C    G    C    G
5    2.82  92.00   1.54   3.65     C    G    C    G
6   13.61  81.21   1.54   3.65     C    G    C    G
7    4.48  91.17   1.54   2.82     C    G    C    G
8    2.82   3.20  10.67  83.32     T    A    T    A

Motif.P1.8.3
      A      C      G      T      Con  rCon Deg  rDeg 
1    7.84   9.00  73.66   9.50     G    C    G    C
2    8.95  12.87  67.02  11.16     G    C    G    C
3    5.63   9.55  70.34  14.47     G    C    G    C
4    8.95  10.11  72.00   8.95     G    C    G    C
5   10.05  72.55  10.66   6.74     C    G    C    G
6   14.47  74.76   7.90   2.87     C    G    C    G
7    8.95  67.58  12.32  11.16     C    G    C    G
8    2.32  85.81   9.00   2.87     C    G    C    G

Motif.P1.8.4
      A      C      G      T      Con  rCon Deg  rDeg 
1   13.62  17.46  60.27   8.65     G    C    G    C
2   11.75  68.33   6.92  13.00     C    G    C    G
3    3.07  91.90   1.34   3.69     C    G    C    G
4    8.65  79.50   9.40   2.45     C    G    C    G
5    9.89  79.50   8.16   2.45     C    G    C    G
6    9.89  14.36  21.81  53.94     T    A    T    A
7    5.55   1.96  80.12  12.37     G    C    G    C
8   19.20  20.57  56.55   3.69     G    C    G    C

Motif.P1.8.5
      A      C      G      T      Con  rCon Deg  rDeg 
1   11.46   7.54  74.91   6.09     G    C    G    C
2   10.48  67.10  13.88   8.53     C    G    C    G
3   10.97  69.06   7.05  12.92     C    G    C    G
4   10.97   7.54  79.31   2.18     G    C    G    C
5    6.58  72.47  14.86   6.09     C    G    C    G
6   13.41  65.64   9.00  11.95     C    G    C    G
7    2.18  13.88  80.28   3.65     G    C    G    C
8    8.53  70.52  11.44   9.51     C    G    C    G

Motif.P1.8.6
      A      C      G      T      Con  rCon Deg  rDeg 
1    2.98   6.61  80.35  10.06     G    C    G    C
2   20.68  53.21  14.28  11.83     C    G    C    G
3    8.29  26.08  58.52   7.11     G    C    S    S
4   53.71  12.51  13.10  20.68     A    T    A    T
5    5.93   4.25  86.84   2.98     G    C    G    C
6    8.29  69.73  19.00   2.98     C    G    C    G
7    7.70   4.84  75.63  11.83     G    C    G    C
8    2.39   1.30  89.19   7.11     G    C    G    C

Motif.P1.8.7
      A      C      G      T      Con  rCon Deg  rDeg 
1    2.21   1.21  82.85  13.73     G    C    G    C
2    8.72  12.23  68.33  10.73     G    C    G    C
3    2.71  73.84  20.74   2.71     C    G    C    G
4    2.21  70.33  17.23  10.22     C    G    C    G
5   16.24  72.33   1.71   9.72     C    G    C    G
6   50.80  18.24  22.24   8.72     A    T    A    T
7    6.72   6.72  71.33  15.23     G    C    G    C
8   16.24  67.83  13.73   2.21     C    G    C    G

Motif.P1.8.8
      A      C      G      T      Con  rCon Deg  rDeg 
1    9.26  19.81  19.81  51.12     T    A    T    A
2   12.94  57.99  11.73  17.34     C    G    C    G
3    2.66  93.24   1.45   2.66     C    G    C    G
4   18.08   9.53  66.07   6.33     G    C    G    C
5    3.39  83.69   8.06   4.86     C    G    C    G
6   51.12  32.29   5.85  10.73     A    T    M    K
7    2.66  19.81  73.41   4.12     G    C    G    C
8    2.66   8.06  86.63   2.66     G    C    G    C

Motif.P1.8.9
      A      C      G      T      Con  rCon Deg  rDeg 
1    4.99   7.19  74.18  13.64     G    C    G    C
2   15.80  12.05  59.05  13.10     G    C    G    C
3   10.94  70.40   5.57  13.10     C    G    C    G
4   60.09   6.11  30.96   2.83     A    T    R    Y
5   10.94  13.13  63.37  12.56     G    C    G    C
6    2.29  86.60   8.81   2.29     C    G    C    G
7    3.37  13.13  80.66   2.83     G    C    G    C
8    8.77  75.26  12.59   3.37     C    G    C    G

Motif.P1.8.10
      A      C      G      T      Con  rCon Deg  rDeg 
1   11.12  80.70   5.24   2.94     C    G    C    G
2    6.58   4.33   1.60  87.49     T    A    T    A
3    6.58  79.79   5.24   8.40     C    G    C    G
4   77.49  10.70   1.60  10.21     A    T    A    T
5    7.49   5.24   7.97  79.30     T    A    T    A
6    2.94  92.51   1.60   2.94     C    G    C    G
7    2.94  42.51  43.42  11.12     G    C    S    S
8    4.76  47.06  35.24  12.94     C    G    S    S

Motif.P1.8.11
      A      C      G      T      Con  rCon Deg  rDeg 
1   27.31  56.12   6.45  10.12     C    G    M    K
2   61.70  23.00   2.63  12.67     A    T    A    T
3   12.03  10.90  59.94  17.13     G    C    G    C
4    3.12  84.77   9.63   2.48     C    G    C    G
5    2.48  72.67  18.55   6.30     C    G    C    G
6   19.04   7.08  58.66  15.22     G    C    G    C
7    2.48   1.35  93.69   2.48     G    C    G    C
8    5.03  24.91  66.94   3.12     G    C    G    C

Motif.P1.8.12
      A      C      G      T      Con  rCon Deg  rDeg 
1    3.01   6.72  66.82  23.44     G    C    G    C
2    2.41   3.72  91.46   2.41     G    C    G    C
3    2.41  61.41  23.55  12.63     C    G    C    G
4   21.04  18.14   1.32  59.50     T    A    T    A
